-1.00E-08 -1.67E+00
-9.98E-09 -1.51E+00
-4.31E-09 -1.35E+00
-1.61E-09 -1.19E+00
-6.58E-10 -1.03E+00
-1.24E-10 -8.73E-01
5.87E-11 -7.14E-01
8.85E-11 -5.56E-01
1.05E-10 -3.97E-01
1.17E-10 -2.38E-01
1.28E-10 -7.94E-02
1.38E-10 7.94E-02
1.48E-10 2.38E-01
1.54E-10 3.97E-01
1.65E-10 5.56E-01
1.73E-10 7.14E-01
1.80E-10 8.73E-01
1.87E-10 1.03E+00
1.93E-10 1.19E+00
2.07E-10 1.35E+00
2.13E-10 1.51E+00
2.18E-10 1.67E+00
2.26E-10 1.83E+00
2.38E-10 1.98E+00
2.46E-10 2.14E+00
2.50E-10 2.30E+00
2.61E-10 2.46E+00
2.65E-10 2.62E+00
2.84E-10 2.78E+00
3.25E-10 2.94E+00
3.38E-10 3.10E+00
3.69E-10 3.25E+00
4.42E-10 3.41E+00
5.70E-10 3.57E+00
6.69E-10 3.73E+00
8.41E-10 3.89E+00
1.13E-09 4.05E+00
1.56E-09 4.21E+00
2.65E-09 4.37E+00
4.16E-09 4.52E+00
6.12E-09 4.68E+00
7.18E-09 4.84E+00
7.74E-09 5.00E+00
