-1.00E-08 -1.67E+00
-5.10E-09 -1.51E+00
-2.72E-09 -1.35E+00
-1.06E-09 -1.19E+00
-4.06E-10 -1.03E+00
-6.60E-11 -8.73E-01
1.09E-11 -7.14E-01
2.11E-11 -5.56E-01
2.46E-11 -3.97E-01
2.67E-11 -2.38E-01
2.77E-11 -7.94E-02
2.94E-11 7.94E-02
3.06E-11 2.38E-01
3.18E-11 3.97E-01
3.25E-11 5.56E-01
3.31E-11 7.14E-01
3.49E-11 8.73E-01
3.70E-11 1.03E+00
3.73E-11 1.19E+00
3.84E-11 1.35E+00
4.06E-11 1.51E+00
4.39E-11 1.67E+00
4.56E-11 1.83E+00
5.07E-11 1.98E+00
5.48E-11 2.14E+00
5.43E-11 2.30E+00
6.87E-11 2.46E+00
7.76E-11 2.62E+00
1.22E-10 2.78E+00
1.32E-10 2.94E+00
1.82E-10 3.10E+00
2.47E-10 3.25E+00
2.36E-10 3.41E+00
4.04E-10 3.57E+00
6.86E-10 3.73E+00
7.69E-10 3.89E+00
1.10E-09 4.05E+00
1.65E-09 4.21E+00
3.61E-09 4.37E+00
8.74E-09 4.52E+00
1.00E-08 4.68E+00

